version,1.6.0
info,balls_per_over,6
info,team,Australia
info,team,England
info,gender,male
info,season,2018
info,date,2018/06/13
info,event,Australia tour of England
info,match_number,1
info,venue,Kennington Oval
info,city,London
info,toss_winner,Australia
info,toss_decision,bat
info,player_of_match,MM Ali
info,umpire,HDPK Dharmasena
info,umpire,RJ Bailey
info,reserve_umpire,AG Wharf
info,tv_umpire,M Erasmus
info,match_referee,RS Madugalle
info,winner,England
info,winner_wickets,3
info,player,Australia,AJ Finch
info,player,Australia,TM Head
info,player,Australia,SE Marsh
info,player,Australia,MP Stoinis
info,player,Australia,TD Paine
info,player,Australia,GJ Maxwell
info,player,Australia,AC Agar
info,player,Australia,MG Neser
info,player,Australia,AJ Tye
info,player,Australia,KW Richardson
info,player,Australia,B Stanlake
info,player,England,JJ Roy
info,player,England,JM Bairstow
info,player,England,AD Hales
info,player,England,JE Root
info,player,England,EJG Morgan
info,player,England,JC Buttler
info,player,England,MM Ali
info,player,England,DJ Willey
info,player,England,LE Plunkett
info,player,England,AU Rashid
info,player,England,MA Wood
info,registry,people,AC Agar,a2421394
info,registry,people,AD Hales,92aeac25
info,registry,people,AG Wharf,2e0fcc58
info,registry,people,AJ Finch,b8d490fd
info,registry,people,AJ Tye,7c7d63a2
info,registry,people,AU Rashid,249d60c9
info,registry,people,B Stanlake,6834d1f2
info,registry,people,DJ Willey,7f048519
info,registry,people,DJM Short,1a156c88
info,registry,people,EJG Morgan,d2a6c0e6
info,registry,people,GJ Maxwell,b681e71e
info,registry,people,HDPK Dharmasena,323e4c16
info,registry,people,JC Buttler,99b75528
info,registry,people,JE Root,a343262c
info,registry,people,JJ Roy,d1c36f5c
info,registry,people,JM Bairstow,abb83e27
info,registry,people,KW Richardson,dfc4d8b5
info,registry,people,LE Plunkett,9a963804
info,registry,people,M Erasmus,15d3c895
info,registry,people,MA Wood,8d92a2c3
info,registry,people,MG Neser,0164b064
info,registry,people,MM Ali,bb351c23
info,registry,people,MP Stoinis,d9273ee7
info,registry,people,RJ Bailey,6bd04fa5
info,registry,people,RS Madugalle,766b5798
info,registry,people,SE Marsh,508a1ea7
info,registry,people,TD Paine,5748e866
info,registry,people,TM Head,12b610c2
ball,1,0.1,Australia,AJ Finch,TM Head,MA Wood,1,0,,,,,,"",""
ball,1,0.2,Australia,TM Head,AJ Finch,MA Wood,2,0,,,,,,"",""
ball,1,0.3,Australia,TM Head,AJ Finch,MA Wood,3,0,,,,,,"",""
ball,1,0.4,Australia,AJ Finch,TM Head,MA Wood,0,0,,,,,,"",""
ball,1,0.5,Australia,AJ Finch,TM Head,MA Wood,0,1,1,,,,,"",""
ball,1,0.6,Australia,AJ Finch,TM Head,MA Wood,0,0,,,,,,"",""
ball,1,0.7,Australia,AJ Finch,TM Head,MA Wood,0,0,,,,,,"",""
ball,1,1.1,Australia,TM Head,AJ Finch,DJ Willey,0,0,,,,,,"",""
ball,1,1.2,Australia,TM Head,AJ Finch,DJ Willey,0,0,,,,,,caught,TM Head
ball,1,1.3,Australia,SE Marsh,AJ Finch,DJ Willey,0,0,,,,,,"",""
ball,1,1.4,Australia,SE Marsh,AJ Finch,DJ Willey,0,0,,,,,,"",""
ball,1,1.5,Australia,SE Marsh,AJ Finch,DJ Willey,4,0,,,,,,"",""
ball,1,1.6,Australia,SE Marsh,AJ Finch,DJ Willey,4,0,,,,,,"",""
ball,1,2.1,Australia,AJ Finch,SE Marsh,MA Wood,0,0,,,,,,"",""
ball,1,2.2,Australia,AJ Finch,SE Marsh,MA Wood,4,0,,,,,,"",""
ball,1,2.3,Australia,AJ Finch,SE Marsh,MA Wood,0,0,,,,,,"",""
ball,1,2.4,Australia,AJ Finch,SE Marsh,MA Wood,0,0,,,,,,"",""
ball,1,2.5,Australia,AJ Finch,SE Marsh,MA Wood,0,0,,,,,,"",""
ball,1,2.6,Australia,AJ Finch,SE Marsh,MA Wood,3,0,,,,,,"",""
ball,1,3.1,Australia,AJ Finch,SE Marsh,DJ Willey,2,0,,,,,,"",""
ball,1,3.2,Australia,AJ Finch,SE Marsh,DJ Willey,1,0,,,,,,"",""
ball,1,3.3,Australia,SE Marsh,AJ Finch,DJ Willey,0,0,,,,,,"",""
ball,1,3.4,Australia,SE Marsh,AJ Finch,DJ Willey,1,0,,,,,,"",""
ball,1,3.5,Australia,AJ Finch,SE Marsh,DJ Willey,4,0,,,,,,"",""
ball,1,3.6,Australia,AJ Finch,SE Marsh,DJ Willey,0,0,,,,,,"",""
ball,1,4.1,Australia,SE Marsh,AJ Finch,MA Wood,0,0,,,,,,"",""
ball,1,4.2,Australia,SE Marsh,AJ Finch,MA Wood,0,0,,,,,,"",""
ball,1,4.3,Australia,SE Marsh,AJ Finch,MA Wood,0,0,,,,,,"",""
ball,1,4.4,Australia,SE Marsh,AJ Finch,MA Wood,0,0,,,,,,"",""
ball,1,4.5,Australia,SE Marsh,AJ Finch,MA Wood,0,0,,,,,,"",""
ball,1,4.6,Australia,SE Marsh,AJ Finch,MA Wood,0,0,,,,,,"",""
ball,1,5.1,Australia,AJ Finch,SE Marsh,DJ Willey,0,0,,,,,,"",""
ball,1,5.2,Australia,AJ Finch,SE Marsh,DJ Willey,0,0,,,,,,"",""
ball,1,5.3,Australia,AJ Finch,SE Marsh,DJ Willey,1,0,,,,,,"",""
ball,1,5.4,Australia,SE Marsh,AJ Finch,DJ Willey,0,0,,,,,,"",""
ball,1,5.5,Australia,SE Marsh,AJ Finch,DJ Willey,0,0,,,,,,"",""
ball,1,5.6,Australia,SE Marsh,AJ Finch,DJ Willey,1,0,,,,,,"",""
ball,1,6.1,Australia,SE Marsh,AJ Finch,MA Wood,4,0,,,,,,"",""
ball,1,6.2,Australia,SE Marsh,AJ Finch,MA Wood,0,0,,,,,,"",""
ball,1,6.3,Australia,SE Marsh,AJ Finch,MA Wood,4,0,,,,,,"",""
ball,1,6.4,Australia,SE Marsh,AJ Finch,MA Wood,1,0,,,,,,"",""
ball,1,6.5,Australia,AJ Finch,SE Marsh,MA Wood,1,0,,,,,,"",""
ball,1,6.6,Australia,SE Marsh,AJ Finch,MA Wood,0,0,,,,,,"",""
ball,1,7.1,Australia,AJ Finch,SE Marsh,DJ Willey,0,0,,,,,,"",""
ball,1,7.2,Australia,AJ Finch,SE Marsh,DJ Willey,1,0,,,,,,"",""
ball,1,7.3,Australia,SE Marsh,AJ Finch,DJ Willey,1,0,,,,,,"",""
ball,1,7.4,Australia,AJ Finch,SE Marsh,DJ Willey,1,0,,,,,,"",""
ball,1,7.5,Australia,SE Marsh,AJ Finch,DJ Willey,1,0,,,,,,"",""
ball,1,7.6,Australia,AJ Finch,SE Marsh,DJ Willey,0,0,,,,,,"",""
ball,1,8.1,Australia,SE Marsh,AJ Finch,MM Ali,0,0,,,,,,"",""
ball,1,8.2,Australia,SE Marsh,AJ Finch,MM Ali,1,0,,,,,,"",""
ball,1,8.3,Australia,AJ Finch,SE Marsh,MM Ali,0,0,,,,,,"",""
ball,1,8.4,Australia,AJ Finch,SE Marsh,MM Ali,0,0,,,,,,caught,AJ Finch
ball,1,8.5,Australia,MP Stoinis,SE Marsh,MM Ali,0,0,,,,,,"",""
ball,1,8.6,Australia,MP Stoinis,SE Marsh,MM Ali,1,0,,,,,,"",""
ball,1,9.1,Australia,MP Stoinis,SE Marsh,DJ Willey,1,0,,,,,,"",""
ball,1,9.2,Australia,SE Marsh,MP Stoinis,DJ Willey,0,0,,,,,,"",""
ball,1,9.3,Australia,SE Marsh,MP Stoinis,DJ Willey,0,0,,,,,,"",""
ball,1,9.4,Australia,SE Marsh,MP Stoinis,DJ Willey,2,0,,,,,,"",""
ball,1,9.5,Australia,SE Marsh,MP Stoinis,DJ Willey,0,0,,,,,,"",""
ball,1,9.6,Australia,SE Marsh,MP Stoinis,DJ Willey,0,0,,,,,,"",""
ball,1,10.1,Australia,MP Stoinis,SE Marsh,MM Ali,1,0,,,,,,"",""
ball,1,10.2,Australia,SE Marsh,MP Stoinis,MM Ali,0,0,,,,,,bowled,SE Marsh
ball,1,10.3,Australia,TD Paine,MP Stoinis,MM Ali,4,0,,,,,,"",""
ball,1,10.4,Australia,TD Paine,MP Stoinis,MM Ali,0,0,,,,,,"",""
ball,1,10.5,Australia,TD Paine,MP Stoinis,MM Ali,0,0,,,,,,"",""
ball,1,10.6,Australia,TD Paine,MP Stoinis,MM Ali,0,0,,,,,,"",""
ball,1,11.1,Australia,MP Stoinis,TD Paine,AU Rashid,0,0,,,,,,"",""
ball,1,11.2,Australia,MP Stoinis,TD Paine,AU Rashid,0,0,,,,,,"",""
ball,1,11.3,Australia,MP Stoinis,TD Paine,AU Rashid,1,0,,,,,,"",""
ball,1,11.4,Australia,TD Paine,MP Stoinis,AU Rashid,1,0,,,,,,"",""
ball,1,11.5,Australia,MP Stoinis,TD Paine,AU Rashid,0,0,,,,,,"",""
ball,1,11.6,Australia,MP Stoinis,TD Paine,AU Rashid,0,0,,,,,,"",""
ball,1,12.1,Australia,TD Paine,MP Stoinis,MM Ali,0,0,,,,,,"",""
ball,1,12.2,Australia,TD Paine,MP Stoinis,MM Ali,1,0,,,,,,"",""
ball,1,12.3,Australia,MP Stoinis,TD Paine,MM Ali,0,0,,,,,,"",""
ball,1,12.4,Australia,MP Stoinis,TD Paine,MM Ali,0,0,,,,,,"",""
ball,1,12.5,Australia,MP Stoinis,TD Paine,MM Ali,1,0,,,,,,"",""
ball,1,12.6,Australia,TD Paine,MP Stoinis,MM Ali,1,0,,,,,,"",""
ball,1,13.1,Australia,TD Paine,MP Stoinis,AU Rashid,1,0,,,,,,"",""
ball,1,13.2,Australia,MP Stoinis,TD Paine,AU Rashid,0,0,,,,,,"",""
ball,1,13.3,Australia,MP Stoinis,TD Paine,AU Rashid,1,0,,,,,,"",""
ball,1,13.4,Australia,TD Paine,MP Stoinis,AU Rashid,0,0,,,,,,"",""
ball,1,13.5,Australia,TD Paine,MP Stoinis,AU Rashid,0,0,,,,,,"",""
ball,1,13.6,Australia,TD Paine,MP Stoinis,AU Rashid,1,0,,,,,,"",""
ball,1,14.1,Australia,TD Paine,MP Stoinis,MM Ali,0,0,,,,,,"",""
ball,1,14.2,Australia,TD Paine,MP Stoinis,MM Ali,1,0,,,,,,"",""
ball,1,14.3,Australia,MP Stoinis,TD Paine,MM Ali,0,0,,,,,,"",""
ball,1,14.4,Australia,MP Stoinis,TD Paine,MM Ali,0,0,,,,,,"",""
ball,1,14.5,Australia,MP Stoinis,TD Paine,MM Ali,0,0,,,,,,"",""
ball,1,14.6,Australia,MP Stoinis,TD Paine,MM Ali,0,0,,,,,,"",""
ball,1,15.1,Australia,TD Paine,MP Stoinis,AU Rashid,1,0,,,,,,"",""
ball,1,15.2,Australia,MP Stoinis,TD Paine,AU Rashid,1,0,,,,,,"",""
ball,1,15.3,Australia,TD Paine,MP Stoinis,AU Rashid,0,0,,,,,,"",""
ball,1,15.4,Australia,TD Paine,MP Stoinis,AU Rashid,0,0,,,,,,"",""
ball,1,15.5,Australia,TD Paine,MP Stoinis,AU Rashid,1,0,,,,,,"",""
ball,1,15.6,Australia,MP Stoinis,TD Paine,AU Rashid,2,0,,,,,,"",""
ball,1,16.1,Australia,TD Paine,MP Stoinis,MM Ali,0,0,,,,,,caught,TD Paine
ball,1,16.2,Australia,GJ Maxwell,MP Stoinis,MM Ali,2,0,,,,,,"",""
ball,1,16.3,Australia,GJ Maxwell,MP Stoinis,MM Ali,0,0,,,,,,"",""
ball,1,16.4,Australia,GJ Maxwell,MP Stoinis,MM Ali,0,0,,,,,,"",""
ball,1,16.5,Australia,GJ Maxwell,MP Stoinis,MM Ali,0,0,,,,,,"",""
ball,1,16.6,Australia,GJ Maxwell,MP Stoinis,MM Ali,0,0,,,,,,"",""
ball,1,17.1,Australia,MP Stoinis,GJ Maxwell,AU Rashid,0,0,,,,,,"",""
ball,1,17.2,Australia,MP Stoinis,GJ Maxwell,AU Rashid,1,0,,,,,,"",""
ball,1,17.3,Australia,GJ Maxwell,MP Stoinis,AU Rashid,1,0,,,,,,"",""
ball,1,17.4,Australia,MP Stoinis,GJ Maxwell,AU Rashid,1,0,,,,,,"",""
ball,1,17.5,Australia,GJ Maxwell,MP Stoinis,AU Rashid,1,0,,,,,,"",""
ball,1,17.6,Australia,MP Stoinis,GJ Maxwell,AU Rashid,1,0,,,,,,"",""
ball,1,18.1,Australia,MP Stoinis,GJ Maxwell,MM Ali,2,0,,,,,,"",""
ball,1,18.2,Australia,MP Stoinis,GJ Maxwell,MM Ali,0,0,,,,,,"",""
ball,1,18.3,Australia,MP Stoinis,GJ Maxwell,MM Ali,0,0,,,,,,"",""
ball,1,18.4,Australia,MP Stoinis,GJ Maxwell,MM Ali,6,0,,,,,,"",""
ball,1,18.5,Australia,MP Stoinis,GJ Maxwell,MM Ali,1,0,,,,,,"",""
ball,1,18.6,Australia,GJ Maxwell,MP Stoinis,MM Ali,2,0,,,,,,"",""
ball,1,19.1,Australia,MP Stoinis,GJ Maxwell,AU Rashid,0,0,,,,,,"",""
ball,1,19.2,Australia,MP Stoinis,GJ Maxwell,AU Rashid,1,0,,,,,,"",""
ball,1,19.3,Australia,GJ Maxwell,MP Stoinis,AU Rashid,1,0,,,,,,"",""
ball,1,19.4,Australia,MP Stoinis,GJ Maxwell,AU Rashid,0,0,,,,,,caught,MP Stoinis
ball,1,19.5,Australia,AC Agar,GJ Maxwell,AU Rashid,0,0,,,,,,"",""
ball,1,19.6,Australia,AC Agar,GJ Maxwell,AU Rashid,0,0,,,,,,"",""
ball,1,20.1,Australia,GJ Maxwell,AC Agar,MM Ali,0,0,,,,,,"",""
ball,1,20.2,Australia,GJ Maxwell,AC Agar,MM Ali,0,0,,,,,,"",""
ball,1,20.3,Australia,GJ Maxwell,AC Agar,MM Ali,0,0,,,,,,"",""
ball,1,20.4,Australia,GJ Maxwell,AC Agar,MM Ali,0,0,,,,,,"",""
ball,1,20.5,Australia,GJ Maxwell,AC Agar,MM Ali,0,0,,,,,,"",""
ball,1,20.6,Australia,GJ Maxwell,AC Agar,MM Ali,0,0,,,,,,"",""
ball,1,21.1,Australia,AC Agar,GJ Maxwell,AU Rashid,1,0,,,,,,"",""
ball,1,21.2,Australia,GJ Maxwell,AC Agar,AU Rashid,1,0,,,,,,"",""
ball,1,21.3,Australia,AC Agar,GJ Maxwell,AU Rashid,1,0,,,,,,"",""
ball,1,21.4,Australia,GJ Maxwell,AC Agar,AU Rashid,0,0,,,,,,"",""
ball,1,21.5,Australia,GJ Maxwell,AC Agar,AU Rashid,1,0,,,,,,"",""
ball,1,21.6,Australia,AC Agar,GJ Maxwell,AU Rashid,0,0,,,,,,"",""
ball,1,22.1,Australia,GJ Maxwell,AC Agar,MM Ali,0,0,,,,,,"",""
ball,1,22.2,Australia,GJ Maxwell,AC Agar,MM Ali,1,0,,,,,,"",""
ball,1,22.3,Australia,AC Agar,GJ Maxwell,MM Ali,0,0,,,,,,"",""
ball,1,22.4,Australia,AC Agar,GJ Maxwell,MM Ali,1,0,,,,,,"",""
ball,1,22.5,Australia,GJ Maxwell,AC Agar,MM Ali,0,0,,,,,,"",""
ball,1,22.6,Australia,GJ Maxwell,AC Agar,MM Ali,1,0,,,,,,"",""
ball,1,23.1,Australia,GJ Maxwell,AC Agar,JE Root,2,0,,,,,,"",""
ball,1,23.2,Australia,GJ Maxwell,AC Agar,JE Root,2,0,,,,,,"",""
ball,1,23.3,Australia,GJ Maxwell,AC Agar,JE Root,1,0,,,,,,"",""
ball,1,23.4,Australia,AC Agar,GJ Maxwell,JE Root,0,0,,,,,,"",""
ball,1,23.5,Australia,AC Agar,GJ Maxwell,JE Root,0,0,,,,,,"",""
ball,1,23.6,Australia,AC Agar,GJ Maxwell,JE Root,0,0,,,,,,"",""
ball,1,24.1,Australia,GJ Maxwell,AC Agar,MM Ali,0,0,,,,,,"",""
ball,1,24.2,Australia,GJ Maxwell,AC Agar,MM Ali,1,0,,,,,,"",""
ball,1,24.3,Australia,AC Agar,GJ Maxwell,MM Ali,0,0,,,,,,"",""
ball,1,24.4,Australia,AC Agar,GJ Maxwell,MM Ali,0,0,,,,,,"",""
ball,1,24.5,Australia,AC Agar,GJ Maxwell,MM Ali,0,0,,,,,,"",""
ball,1,24.6,Australia,AC Agar,GJ Maxwell,MM Ali,1,0,,,,,,"",""
ball,1,25.1,Australia,AC Agar,GJ Maxwell,JE Root,0,0,,,,,,"",""
ball,1,25.2,Australia,AC Agar,GJ Maxwell,JE Root,1,0,,,,,,"",""
ball,1,25.3,Australia,GJ Maxwell,AC Agar,JE Root,1,0,,,,,,"",""
ball,1,25.4,Australia,AC Agar,GJ Maxwell,JE Root,0,0,,,,,,"",""
ball,1,25.5,Australia,AC Agar,GJ Maxwell,JE Root,1,0,,,,,,"",""
ball,1,25.6,Australia,GJ Maxwell,AC Agar,JE Root,1,0,,,,,,"",""
ball,1,26.1,Australia,GJ Maxwell,AC Agar,MM Ali,0,0,,,,,,"",""
ball,1,26.2,Australia,GJ Maxwell,AC Agar,MM Ali,4,0,,,,,,"",""
ball,1,26.3,Australia,GJ Maxwell,AC Agar,MM Ali,4,0,,,,,,"",""
ball,1,26.4,Australia,GJ Maxwell,AC Agar,MM Ali,0,0,,,,,,"",""
ball,1,26.5,Australia,GJ Maxwell,AC Agar,MM Ali,6,0,,,,,,"",""
ball,1,26.6,Australia,GJ Maxwell,AC Agar,MM Ali,0,0,,,,,,"",""
ball,1,27.1,Australia,AC Agar,GJ Maxwell,JE Root,1,0,,,,,,"",""
ball,1,27.2,Australia,GJ Maxwell,AC Agar,JE Root,6,0,,,,,,"",""
ball,1,27.3,Australia,GJ Maxwell,AC Agar,JE Root,1,0,,,,,,"",""
ball,1,27.4,Australia,AC Agar,GJ Maxwell,JE Root,1,0,,,,,,"",""
ball,1,27.5,Australia,GJ Maxwell,AC Agar,JE Root,0,1,1,,,,,"",""
ball,1,27.6,Australia,GJ Maxwell,AC Agar,JE Root,0,0,,,,,,"",""
ball,1,27.7,Australia,GJ Maxwell,AC Agar,JE Root,1,0,,,,,,"",""
ball,1,28.1,Australia,GJ Maxwell,AC Agar,LE Plunkett,0,0,,,,,,"",""
ball,1,28.2,Australia,GJ Maxwell,AC Agar,LE Plunkett,0,0,,,,,,"",""
ball,1,28.3,Australia,GJ Maxwell,AC Agar,LE Plunkett,0,0,,,,,,"",""
ball,1,28.4,Australia,GJ Maxwell,AC Agar,LE Plunkett,0,0,,,,,,"",""
ball,1,28.5,Australia,GJ Maxwell,AC Agar,LE Plunkett,0,0,,,,,,"",""
ball,1,28.6,Australia,GJ Maxwell,AC Agar,LE Plunkett,4,0,,,,,,"",""
ball,1,29.1,Australia,AC Agar,GJ Maxwell,MA Wood,0,0,,,,,,"",""
ball,1,29.2,Australia,AC Agar,GJ Maxwell,MA Wood,1,0,,,,,,"",""
ball,1,29.3,Australia,GJ Maxwell,AC Agar,MA Wood,1,0,,,,,,"",""
ball,1,29.4,Australia,AC Agar,GJ Maxwell,MA Wood,0,0,,,,,,"",""
ball,1,29.5,Australia,AC Agar,GJ Maxwell,MA Wood,0,0,,,,,,"",""
ball,1,29.6,Australia,AC Agar,GJ Maxwell,MA Wood,0,0,,,,,,"",""
ball,1,30.1,Australia,GJ Maxwell,AC Agar,LE Plunkett,0,0,,,,,,"",""
ball,1,30.2,Australia,GJ Maxwell,AC Agar,LE Plunkett,1,0,,,,,,"",""
ball,1,30.3,Australia,AC Agar,GJ Maxwell,LE Plunkett,1,0,,,,,,"",""
ball,1,30.4,Australia,GJ Maxwell,AC Agar,LE Plunkett,1,0,,,,,,"",""
ball,1,30.5,Australia,AC Agar,GJ Maxwell,LE Plunkett,0,0,,,,,,"",""
ball,1,30.6,Australia,AC Agar,GJ Maxwell,LE Plunkett,2,0,,,,,,"",""
ball,1,31.1,Australia,GJ Maxwell,AC Agar,MA Wood,0,0,,,,,,"",""
ball,1,31.2,Australia,GJ Maxwell,AC Agar,MA Wood,1,0,,,,,,"",""
ball,1,31.3,Australia,AC Agar,GJ Maxwell,MA Wood,0,0,,,,,,"",""
ball,1,31.4,Australia,AC Agar,GJ Maxwell,MA Wood,0,0,,,,,,"",""
ball,1,31.5,Australia,AC Agar,GJ Maxwell,MA Wood,0,0,,,,,,"",""
ball,1,31.6,Australia,AC Agar,GJ Maxwell,MA Wood,0,0,,,,,,"",""
ball,1,32.1,Australia,GJ Maxwell,AC Agar,LE Plunkett,1,0,,,,,,"",""
ball,1,32.2,Australia,AC Agar,GJ Maxwell,LE Plunkett,4,0,,,,,,"",""
ball,1,32.3,Australia,AC Agar,GJ Maxwell,LE Plunkett,0,0,,,,,,"",""
ball,1,32.4,Australia,AC Agar,GJ Maxwell,LE Plunkett,4,0,,,,,,"",""
ball,1,32.5,Australia,AC Agar,GJ Maxwell,LE Plunkett,0,0,,,,,,"",""
ball,1,32.6,Australia,AC Agar,GJ Maxwell,LE Plunkett,0,0,,,,,,"",""
ball,1,33.1,Australia,GJ Maxwell,AC Agar,MA Wood,0,0,,,,,,"",""
ball,1,33.2,Australia,GJ Maxwell,AC Agar,MA Wood,1,0,,,,,,"",""
ball,1,33.3,Australia,AC Agar,GJ Maxwell,MA Wood,0,0,,,,,,"",""
ball,1,33.4,Australia,AC Agar,GJ Maxwell,MA Wood,0,0,,,,,,"",""
ball,1,33.5,Australia,AC Agar,GJ Maxwell,MA Wood,2,0,,,,,,"",""
ball,1,33.6,Australia,AC Agar,GJ Maxwell,MA Wood,1,0,,,,,,"",""
ball,1,34.1,Australia,AC Agar,GJ Maxwell,LE Plunkett,0,1,1,,,,,"",""
ball,1,34.2,Australia,AC Agar,GJ Maxwell,LE Plunkett,0,0,,,,,,"",""
ball,1,34.3,Australia,AC Agar,GJ Maxwell,LE Plunkett,0,0,,,,,,"",""
ball,1,34.4,Australia,AC Agar,GJ Maxwell,LE Plunkett,0,0,,,,,,"",""
ball,1,34.5,Australia,AC Agar,GJ Maxwell,LE Plunkett,1,0,,,,,,"",""
ball,1,34.6,Australia,GJ Maxwell,AC Agar,LE Plunkett,4,0,,,,,,"",""
ball,1,34.7,Australia,GJ Maxwell,AC Agar,LE Plunkett,2,0,,,,,,"",""
ball,1,35.1,Australia,AC Agar,GJ Maxwell,DJ Willey,1,0,,,,,,"",""
ball,1,35.2,Australia,GJ Maxwell,AC Agar,DJ Willey,0,0,,,,,,"",""
ball,1,35.3,Australia,GJ Maxwell,AC Agar,DJ Willey,1,0,,,,,,"",""
ball,1,35.4,Australia,AC Agar,GJ Maxwell,DJ Willey,1,0,,,,,,"",""
ball,1,35.5,Australia,GJ Maxwell,AC Agar,DJ Willey,0,0,,,,,,"",""
ball,1,35.6,Australia,GJ Maxwell,AC Agar,DJ Willey,1,0,,,,,,"",""
ball,1,36.1,Australia,GJ Maxwell,AC Agar,LE Plunkett,1,0,,,,,,"",""
ball,1,36.2,Australia,AC Agar,GJ Maxwell,LE Plunkett,1,0,,,,,,"",""
ball,1,36.3,Australia,GJ Maxwell,AC Agar,LE Plunkett,2,0,,,,,,"",""
ball,1,36.4,Australia,GJ Maxwell,AC Agar,LE Plunkett,0,0,,,,,,"",""
ball,1,36.5,Australia,GJ Maxwell,AC Agar,LE Plunkett,0,0,,,,,,caught,GJ Maxwell
ball,1,36.6,Australia,AC Agar,MG Neser,LE Plunkett,1,0,,,,,,"",""
ball,1,37.1,Australia,AC Agar,MG Neser,AU Rashid,0,0,,,,,,"",""
ball,1,37.2,Australia,AC Agar,MG Neser,AU Rashid,0,0,,,,,,"",""
ball,1,37.3,Australia,AC Agar,MG Neser,AU Rashid,1,0,,,,,,"",""
ball,1,37.4,Australia,MG Neser,AC Agar,AU Rashid,1,0,,,,,,"",""
ball,1,37.5,Australia,AC Agar,MG Neser,AU Rashid,1,0,,,,,,"",""
ball,1,37.6,Australia,MG Neser,AC Agar,AU Rashid,0,0,,,,,,"",""
ball,1,38.1,Australia,AC Agar,MG Neser,DJ Willey,4,0,,,,,,"",""
ball,1,38.2,Australia,AC Agar,MG Neser,DJ Willey,0,0,,,,,,"",""
ball,1,38.3,Australia,AC Agar,MG Neser,DJ Willey,1,0,,,,,,"",""
ball,1,38.4,Australia,MG Neser,AC Agar,DJ Willey,1,0,,,,,,"",""
ball,1,38.5,Australia,AC Agar,MG Neser,DJ Willey,4,0,,,,,,"",""
ball,1,38.6,Australia,AC Agar,MG Neser,DJ Willey,0,0,,,,,,"",""
ball,1,39.1,Australia,MG Neser,AC Agar,AU Rashid,0,0,,,,,,"",""
ball,1,39.2,Australia,MG Neser,AC Agar,AU Rashid,0,0,,,,,,"",""
ball,1,39.3,Australia,MG Neser,AC Agar,AU Rashid,0,0,,,,,,"",""
ball,1,39.4,Australia,MG Neser,AC Agar,AU Rashid,0,0,,,,,,"",""
ball,1,39.5,Australia,MG Neser,AC Agar,AU Rashid,2,0,,,,,,"",""
ball,1,39.6,Australia,MG Neser,AC Agar,AU Rashid,1,0,,,,,,"",""
ball,1,40.1,Australia,MG Neser,AC Agar,DJ Willey,0,0,,,,,,"",""
ball,1,40.2,Australia,MG Neser,AC Agar,DJ Willey,0,0,,,,,,"",""
ball,1,40.3,Australia,MG Neser,AC Agar,DJ Willey,1,0,,,,,,"",""
ball,1,40.4,Australia,AC Agar,MG Neser,DJ Willey,0,0,,,,,,"",""
ball,1,40.5,Australia,AC Agar,MG Neser,DJ Willey,0,0,,,,,,"",""
ball,1,40.6,Australia,AC Agar,MG Neser,DJ Willey,1,0,,,,,,"",""
ball,1,41.1,Australia,AC Agar,MG Neser,AU Rashid,0,0,,,,,,lbw,AC Agar
ball,1,41.2,Australia,AJ Tye,MG Neser,AU Rashid,0,0,,,,,,"",""
ball,1,41.3,Australia,AJ Tye,MG Neser,AU Rashid,4,0,,,,,,"",""
ball,1,41.4,Australia,AJ Tye,MG Neser,AU Rashid,0,0,,,,,,"",""
ball,1,41.5,Australia,AJ Tye,MG Neser,AU Rashid,0,0,,,,,,"",""
ball,1,41.6,Australia,AJ Tye,MG Neser,AU Rashid,0,0,,,,,,"",""
ball,1,42.1,Australia,MG Neser,AJ Tye,LE Plunkett,0,0,,,,,,"",""
ball,1,42.2,Australia,MG Neser,AJ Tye,LE Plunkett,0,0,,,,,,caught,MG Neser
ball,1,42.3,Australia,AJ Tye,KW Richardson,LE Plunkett,4,0,,,,,,"",""
ball,1,42.4,Australia,AJ Tye,KW Richardson,LE Plunkett,0,0,,,,,,"",""
ball,1,42.5,Australia,AJ Tye,KW Richardson,LE Plunkett,0,0,,,,,,"",""
ball,1,42.6,Australia,AJ Tye,KW Richardson,LE Plunkett,0,0,,,,,,"",""
ball,1,43.1,Australia,KW Richardson,AJ Tye,AU Rashid,0,0,,,,,,"",""
ball,1,43.2,Australia,KW Richardson,AJ Tye,AU Rashid,1,0,,,,,,"",""
ball,1,43.3,Australia,AJ Tye,KW Richardson,AU Rashid,2,0,,,,,,"",""
ball,1,43.4,Australia,AJ Tye,KW Richardson,AU Rashid,1,0,,,,,,"",""
ball,1,43.5,Australia,KW Richardson,AJ Tye,AU Rashid,0,0,,,,,,"",""
ball,1,43.6,Australia,KW Richardson,AJ Tye,AU Rashid,0,1,1,,,,,"",""
ball,1,43.7,Australia,KW Richardson,AJ Tye,AU Rashid,0,0,,,,,,"",""
ball,1,44.1,Australia,AJ Tye,KW Richardson,LE Plunkett,1,0,,,,,,"",""
ball,1,44.2,Australia,KW Richardson,AJ Tye,LE Plunkett,0,0,,,,,,"",""
ball,1,44.3,Australia,KW Richardson,AJ Tye,LE Plunkett,0,0,,,,,,"",""
ball,1,44.4,Australia,KW Richardson,AJ Tye,LE Plunkett,0,0,,,,,,"",""
ball,1,44.5,Australia,KW Richardson,AJ Tye,LE Plunkett,0,0,,,,,,"",""
ball,1,44.6,Australia,KW Richardson,AJ Tye,LE Plunkett,0,0,,,,,,"",""
ball,1,45.1,Australia,AJ Tye,KW Richardson,MA Wood,0,0,,,,,,"",""
ball,1,45.2,Australia,AJ Tye,KW Richardson,MA Wood,1,0,,,,,,"",""
ball,1,45.3,Australia,KW Richardson,AJ Tye,MA Wood,0,0,,,,,,caught,KW Richardson
ball,1,45.4,Australia,B Stanlake,AJ Tye,MA Wood,0,0,,,,,,"",""
ball,1,45.5,Australia,B Stanlake,AJ Tye,MA Wood,0,0,,,,,,"",""
ball,1,45.6,Australia,B Stanlake,AJ Tye,MA Wood,0,0,,,,,,"",""
ball,1,46.1,Australia,AJ Tye,B Stanlake,LE Plunkett,0,0,,,,,,"",""
ball,1,46.2,Australia,AJ Tye,B Stanlake,LE Plunkett,0,0,,,,,,"",""
ball,1,46.3,Australia,AJ Tye,B Stanlake,LE Plunkett,0,0,,,,,,"",""
ball,1,46.4,Australia,AJ Tye,B Stanlake,LE Plunkett,6,0,,,,,,"",""
ball,1,46.5,Australia,AJ Tye,B Stanlake,LE Plunkett,0,0,,,,,,"",""
ball,1,46.6,Australia,AJ Tye,B Stanlake,LE Plunkett,0,0,,,,,,caught,AJ Tye
ball,2,0.1,England,JJ Roy,JM Bairstow,B Stanlake,0,0,,,,,,"",""
ball,2,0.2,England,JJ Roy,JM Bairstow,B Stanlake,0,0,,,,,,bowled,JJ Roy
ball,2,0.3,England,AD Hales,JM Bairstow,B Stanlake,0,0,,,,,,"",""
ball,2,0.4,England,AD Hales,JM Bairstow,B Stanlake,0,0,,,,,,"",""
ball,2,0.5,England,AD Hales,JM Bairstow,B Stanlake,0,0,,,,,,"",""
ball,2,0.6,England,AD Hales,JM Bairstow,B Stanlake,0,0,,,,,,"",""
ball,2,1.1,England,JM Bairstow,AD Hales,MG Neser,2,0,,,,,,"",""
ball,2,1.2,England,JM Bairstow,AD Hales,MG Neser,0,0,,,,,,"",""
ball,2,1.3,England,JM Bairstow,AD Hales,MG Neser,4,0,,,,,,"",""
ball,2,1.4,England,JM Bairstow,AD Hales,MG Neser,0,0,,,,,,"",""
ball,2,1.5,England,JM Bairstow,AD Hales,MG Neser,4,0,,,,,,"",""
ball,2,1.6,England,JM Bairstow,AD Hales,MG Neser,0,0,,,,,,"",""
ball,2,2.1,England,AD Hales,JM Bairstow,B Stanlake,0,0,,,,,,"",""
ball,2,2.2,England,AD Hales,JM Bairstow,B Stanlake,4,0,,,,,,"",""
ball,2,2.3,England,AD Hales,JM Bairstow,B Stanlake,1,0,,,,,,"",""
ball,2,2.4,England,JM Bairstow,AD Hales,B Stanlake,4,0,,,,,,"",""
ball,2,2.5,England,JM Bairstow,AD Hales,B Stanlake,4,0,,,,,,"",""
ball,2,2.6,England,JM Bairstow,AD Hales,B Stanlake,0,0,,,,,,"",""
ball,2,3.1,England,AD Hales,JM Bairstow,MG Neser,0,0,,,,,,"",""
ball,2,3.2,England,AD Hales,JM Bairstow,MG Neser,0,0,,,,,,"",""
ball,2,3.3,England,AD Hales,JM Bairstow,MG Neser,0,0,,,,,,lbw,AD Hales
ball,2,3.4,England,JE Root,JM Bairstow,MG Neser,0,0,,,,,,"",""
ball,2,3.5,England,JE Root,JM Bairstow,MG Neser,0,0,,,,,,"",""
ball,2,3.6,England,JE Root,JM Bairstow,MG Neser,0,0,,,,,,"",""
ball,2,4.1,England,JM Bairstow,JE Root,B Stanlake,0,0,,,,,,"",""
ball,2,4.2,England,JM Bairstow,JE Root,B Stanlake,0,0,,,,,,"",""
ball,2,4.3,England,JM Bairstow,JE Root,B Stanlake,1,0,,,,,,"",""
ball,2,4.4,England,JE Root,JM Bairstow,B Stanlake,0,0,,,,,,"",""
ball,2,4.5,England,JE Root,JM Bairstow,B Stanlake,0,0,,,,,,"",""
ball,2,4.6,England,JE Root,JM Bairstow,B Stanlake,0,0,,,,,,"",""
ball,2,5.1,England,JM Bairstow,JE Root,KW Richardson,4,0,,,,,,"",""
ball,2,5.2,England,JM Bairstow,JE Root,KW Richardson,0,0,,,,,,"",""
ball,2,5.3,England,JM Bairstow,JE Root,KW Richardson,0,0,,,,,,"",""
ball,2,5.4,England,JM Bairstow,JE Root,KW Richardson,0,0,,,,,,"",""
ball,2,5.5,England,JM Bairstow,JE Root,KW Richardson,0,0,,,,,,"",""
ball,2,5.6,England,JM Bairstow,JE Root,KW Richardson,4,0,,,,,,"",""
ball,2,6.1,England,JE Root,JM Bairstow,MG Neser,0,0,,,,,,"",""
ball,2,6.2,England,JE Root,JM Bairstow,MG Neser,1,0,,,,,,"",""
ball,2,6.3,England,JM Bairstow,JE Root,MG Neser,0,0,,,,,,"",""
ball,2,6.4,England,JM Bairstow,JE Root,MG Neser,0,0,,,,,,"",""
ball,2,6.5,England,JM Bairstow,JE Root,MG Neser,1,0,,,,,,"",""
ball,2,6.6,England,JE Root,JM Bairstow,MG Neser,4,0,,,,,,"",""
ball,2,7.1,England,JM Bairstow,JE Root,KW Richardson,0,0,,,,,,"",""
ball,2,7.2,England,JM Bairstow,JE Root,KW Richardson,0,0,,,,,,caught,JM Bairstow
ball,2,7.3,England,EJG Morgan,JE Root,KW Richardson,0,0,,,,,,"",""
ball,2,7.4,England,EJG Morgan,JE Root,KW Richardson,0,0,,,,,,"",""
ball,2,7.5,England,EJG Morgan,JE Root,KW Richardson,4,0,,,,,,"",""
ball,2,7.6,England,EJG Morgan,JE Root,KW Richardson,0,0,,,,,,"",""
ball,2,8.1,England,JE Root,EJG Morgan,MG Neser,0,0,,,,,,"",""
ball,2,8.2,England,JE Root,EJG Morgan,MG Neser,0,0,,,,,,"",""
ball,2,8.3,England,JE Root,EJG Morgan,MG Neser,0,0,,,,,,"",""
ball,2,8.4,England,JE Root,EJG Morgan,MG Neser,0,0,,,,,,"",""
ball,2,8.5,England,JE Root,EJG Morgan,MG Neser,1,0,,,,,,"",""
ball,2,8.6,England,EJG Morgan,JE Root,MG Neser,0,0,,,,,,"",""
ball,2,9.1,England,JE Root,EJG Morgan,B Stanlake,1,0,,,,,,"",""
ball,2,9.2,England,EJG Morgan,JE Root,B Stanlake,0,0,,,,,,"",""
ball,2,9.3,England,EJG Morgan,JE Root,B Stanlake,0,0,,,,,,"",""
ball,2,9.4,England,EJG Morgan,JE Root,B Stanlake,0,0,,,,,,"",""
ball,2,9.5,England,EJG Morgan,JE Root,B Stanlake,0,0,,,,,,"",""
ball,2,9.6,England,EJG Morgan,JE Root,B Stanlake,4,0,,,,,,"",""
ball,2,10.1,England,JE Root,EJG Morgan,KW Richardson,4,0,,,,,,"",""
ball,2,10.2,England,JE Root,EJG Morgan,KW Richardson,1,0,,,,,,"",""
ball,2,10.3,England,EJG Morgan,JE Root,KW Richardson,0,0,,,,,,"",""
ball,2,10.4,England,EJG Morgan,JE Root,KW Richardson,0,0,,,,,,"",""
ball,2,10.5,England,EJG Morgan,JE Root,KW Richardson,1,0,,,,,,"",""
ball,2,10.6,England,JE Root,EJG Morgan,KW Richardson,1,0,,,,,,"",""
ball,2,11.1,England,JE Root,EJG Morgan,B Stanlake,0,0,,,,,,"",""
ball,2,11.2,England,JE Root,EJG Morgan,B Stanlake,1,0,,,,,,"",""
ball,2,11.3,England,EJG Morgan,JE Root,B Stanlake,4,0,,,,,,"",""
ball,2,11.4,England,EJG Morgan,JE Root,B Stanlake,1,0,,,,,,"",""
ball,2,11.5,England,JE Root,EJG Morgan,B Stanlake,0,0,,,,,,"",""
ball,2,11.6,England,JE Root,EJG Morgan,B Stanlake,0,0,,,,,,"",""
ball,2,12.1,England,EJG Morgan,JE Root,AJ Tye,0,0,,,,,,"",""
ball,2,12.2,England,EJG Morgan,JE Root,AJ Tye,0,0,,,,,,"",""
ball,2,12.3,England,EJG Morgan,JE Root,AJ Tye,1,0,,,,,,"",""
ball,2,12.4,England,JE Root,EJG Morgan,AJ Tye,1,0,,,,,,"",""
ball,2,12.5,England,EJG Morgan,JE Root,AJ Tye,0,0,,,,,,"",""
ball,2,12.6,England,EJG Morgan,JE Root,AJ Tye,1,0,,,,,,"",""
ball,2,13.1,England,EJG Morgan,JE Root,AC Agar,0,0,,,,,,"",""
ball,2,13.2,England,EJG Morgan,JE Root,AC Agar,0,0,,,,,,"",""
ball,2,13.3,England,EJG Morgan,JE Root,AC Agar,0,0,,,,,,"",""
ball,2,13.4,England,EJG Morgan,JE Root,AC Agar,0,0,,,,,,"",""
ball,2,13.5,England,EJG Morgan,JE Root,AC Agar,0,0,,,,,,"",""
ball,2,13.6,England,EJG Morgan,JE Root,AC Agar,4,0,,,,,,"",""
ball,2,14.1,England,JE Root,EJG Morgan,AJ Tye,1,0,,,,,,"",""
ball,2,14.2,England,EJG Morgan,JE Root,AJ Tye,1,0,,,,,,"",""
ball,2,14.3,England,JE Root,EJG Morgan,AJ Tye,0,0,,,,,,"",""
ball,2,14.4,England,JE Root,EJG Morgan,AJ Tye,2,0,,,,,,"",""
ball,2,14.5,England,JE Root,EJG Morgan,AJ Tye,0,0,,,,,,"",""
ball,2,14.6,England,JE Root,EJG Morgan,AJ Tye,0,1,1,,,,,"",""
ball,2,14.7,England,JE Root,EJG Morgan,AJ Tye,1,0,,,,,,"",""
ball,2,15.1,England,JE Root,EJG Morgan,AC Agar,1,0,,,,,,"",""
ball,2,15.2,England,EJG Morgan,JE Root,AC Agar,1,0,,,,,,"",""
ball,2,15.3,England,JE Root,EJG Morgan,AC Agar,1,0,,,,,,"",""
ball,2,15.4,England,EJG Morgan,JE Root,AC Agar,0,0,,,,,,"",""
ball,2,15.5,England,EJG Morgan,JE Root,AC Agar,1,0,,,,,,"",""
ball,2,15.6,England,JE Root,EJG Morgan,AC Agar,1,0,,,,,,"",""
ball,2,16.1,England,JE Root,EJG Morgan,AJ Tye,1,0,,,,,,"",""
ball,2,16.2,England,EJG Morgan,JE Root,AJ Tye,4,0,,,,,,"",""
ball,2,16.3,England,EJG Morgan,JE Root,AJ Tye,0,0,,,,,,"",""
ball,2,16.4,England,EJG Morgan,JE Root,AJ Tye,1,0,,,,,,"",""
ball,2,16.5,England,JE Root,EJG Morgan,AJ Tye,1,0,,,,,,"",""
ball,2,16.6,England,EJG Morgan,JE Root,AJ Tye,4,0,,,,,,"",""
ball,2,17.1,England,JE Root,EJG Morgan,AC Agar,0,0,,,,,,"",""
ball,2,17.2,England,JE Root,EJG Morgan,AC Agar,0,0,,,,,,"",""
ball,2,17.3,England,JE Root,EJG Morgan,AC Agar,1,0,,,,,,"",""
ball,2,17.4,England,EJG Morgan,JE Root,AC Agar,1,0,,,,,,"",""
ball,2,17.5,England,JE Root,EJG Morgan,AC Agar,0,0,,,,,,"",""
ball,2,17.6,England,JE Root,EJG Morgan,AC Agar,4,0,,,,,,"",""
ball,2,18.1,England,EJG Morgan,JE Root,GJ Maxwell,0,0,,,,,,"",""
ball,2,18.2,England,EJG Morgan,JE Root,GJ Maxwell,0,0,,,,,,"",""
ball,2,18.3,England,EJG Morgan,JE Root,GJ Maxwell,1,0,,,,,,"",""
ball,2,18.4,England,JE Root,EJG Morgan,GJ Maxwell,1,0,,,,,,"",""
ball,2,18.5,England,EJG Morgan,JE Root,GJ Maxwell,1,0,,,,,,"",""
ball,2,18.6,England,JE Root,EJG Morgan,GJ Maxwell,1,0,,,,,,"",""
ball,2,19.1,England,JE Root,EJG Morgan,B Stanlake,0,0,,,,,,"",""
ball,2,19.2,England,JE Root,EJG Morgan,B Stanlake,1,0,,,,,,"",""
ball,2,19.3,England,EJG Morgan,JE Root,B Stanlake,0,0,,,,,,"",""
ball,2,19.4,England,EJG Morgan,JE Root,B Stanlake,0,0,,,,,,"",""
ball,2,19.5,England,EJG Morgan,JE Root,B Stanlake,2,0,,,,,,"",""
ball,2,19.6,England,EJG Morgan,JE Root,B Stanlake,2,0,,,,,,"",""
ball,2,20.1,England,JE Root,EJG Morgan,GJ Maxwell,0,0,,,,,,"",""
ball,2,20.2,England,JE Root,EJG Morgan,GJ Maxwell,1,0,,,,,,"",""
ball,2,20.3,England,EJG Morgan,JE Root,GJ Maxwell,0,0,,,,,,"",""
ball,2,20.4,England,EJG Morgan,JE Root,GJ Maxwell,4,0,,,,,,"",""
ball,2,20.5,England,EJG Morgan,JE Root,GJ Maxwell,0,0,,,,,,"",""
ball,2,20.6,England,EJG Morgan,JE Root,GJ Maxwell,0,0,,,,,,"",""
ball,2,21.1,England,JE Root,EJG Morgan,B Stanlake,1,0,,,,,,"",""
ball,2,21.2,England,EJG Morgan,JE Root,B Stanlake,0,0,,,,,,"",""
ball,2,21.3,England,EJG Morgan,JE Root,B Stanlake,0,0,,,,,,"",""
ball,2,21.4,England,EJG Morgan,JE Root,B Stanlake,0,0,,,,,,"",""
ball,2,21.5,England,EJG Morgan,JE Root,B Stanlake,1,0,,,,,,"",""
ball,2,21.6,England,JE Root,EJG Morgan,B Stanlake,0,0,,,,,,"",""
ball,2,22.1,England,EJG Morgan,JE Root,KW Richardson,0,0,,,,,,"",""
ball,2,22.2,England,EJG Morgan,JE Root,KW Richardson,0,0,,,,,,"",""
ball,2,22.3,England,EJG Morgan,JE Root,KW Richardson,4,0,,,,,,"",""
ball,2,22.4,England,EJG Morgan,JE Root,KW Richardson,0,0,,,,,,"",""
ball,2,22.5,England,EJG Morgan,JE Root,KW Richardson,0,0,,,,,,"",""
ball,2,22.6,England,EJG Morgan,JE Root,KW Richardson,1,0,,,,,,"",""
ball,2,23.1,England,EJG Morgan,JE Root,AC Agar,4,0,,,,,,"",""
ball,2,23.2,England,EJG Morgan,JE Root,AC Agar,1,0,,,,,,"",""
ball,2,23.3,England,JE Root,EJG Morgan,AC Agar,0,0,,,,,,"",""
ball,2,23.4,England,JE Root,EJG Morgan,AC Agar,1,0,,,,,,"",""
ball,2,23.5,England,EJG Morgan,JE Root,AC Agar,0,0,,,,,,"",""
ball,2,23.6,England,EJG Morgan,JE Root,AC Agar,1,0,,,,,,"",""
ball,2,24.1,England,EJG Morgan,JE Root,KW Richardson,4,0,,,,,,"",""
ball,2,24.2,England,EJG Morgan,JE Root,KW Richardson,0,0,,,,,,"",""
ball,2,24.3,England,EJG Morgan,JE Root,KW Richardson,4,0,,,,,,"",""
ball,2,24.4,England,EJG Morgan,JE Root,KW Richardson,2,0,,,,,,"",""
ball,2,24.5,England,EJG Morgan,JE Root,KW Richardson,1,0,,,,,,"",""
ball,2,24.6,England,JE Root,EJG Morgan,KW Richardson,0,0,,,,,,"",""
ball,2,25.1,England,EJG Morgan,JE Root,AC Agar,1,0,,,,,,"",""
ball,2,25.2,England,JE Root,EJG Morgan,AC Agar,2,0,,,,,,"",""
ball,2,25.3,England,JE Root,EJG Morgan,AC Agar,1,0,,,,,,"",""
ball,2,25.4,England,EJG Morgan,JE Root,AC Agar,0,0,,,,,,"",""
ball,2,25.5,England,EJG Morgan,JE Root,AC Agar,1,0,,,,,,"",""
ball,2,25.6,England,JE Root,EJG Morgan,AC Agar,1,0,,,,,,"",""
ball,2,26.1,England,JE Root,EJG Morgan,KW Richardson,1,0,,,,,,"",""
ball,2,26.2,England,EJG Morgan,JE Root,KW Richardson,0,0,,,,,,"",""
ball,2,26.3,England,EJG Morgan,JE Root,KW Richardson,0,0,,,,,,"",""
ball,2,26.4,England,EJG Morgan,JE Root,KW Richardson,0,0,,,,,,"",""
ball,2,26.5,England,EJG Morgan,JE Root,KW Richardson,1,0,,,,,,"",""
ball,2,26.6,England,JE Root,EJG Morgan,KW Richardson,1,0,,,,,,"",""
ball,2,27.1,England,JE Root,EJG Morgan,B Stanlake,0,0,,,,,,"",""
ball,2,27.2,England,JE Root,EJG Morgan,B Stanlake,4,0,,,,,,"",""
ball,2,27.3,England,JE Root,EJG Morgan,B Stanlake,0,0,,,,,,"",""
ball,2,27.4,England,JE Root,EJG Morgan,B Stanlake,0,0,,,,,,"",""
ball,2,27.5,England,JE Root,EJG Morgan,B Stanlake,0,0,,,,,,"",""
ball,2,27.6,England,JE Root,EJG Morgan,B Stanlake,1,0,,,,,,"",""
ball,2,28.1,England,JE Root,EJG Morgan,AJ Tye,0,0,,,,,,"",""
ball,2,28.2,England,JE Root,EJG Morgan,AJ Tye,2,0,,,,,,"",""
ball,2,28.3,England,JE Root,EJG Morgan,AJ Tye,0,0,,,,,,"",""
ball,2,28.4,England,JE Root,EJG Morgan,AJ Tye,0,1,1,,,,,"",""
ball,2,28.5,England,JE Root,EJG Morgan,AJ Tye,1,0,,,,,,"",""
ball,2,28.6,England,EJG Morgan,JE Root,AJ Tye,0,0,,,,,,caught,EJG Morgan
ball,2,28.7,England,JC Buttler,JE Root,AJ Tye,0,0,,,,,,"",""
ball,2,29.1,England,JE Root,JC Buttler,B Stanlake,1,0,,,,,,"",""
ball,2,29.2,England,JC Buttler,JE Root,B Stanlake,0,0,,,,,,"",""
ball,2,29.3,England,JC Buttler,JE Root,B Stanlake,4,0,,,,,,"",""
ball,2,29.4,England,JC Buttler,JE Root,B Stanlake,0,0,,,,,,"",""
ball,2,29.5,England,JC Buttler,JE Root,B Stanlake,1,0,,,,,,"",""
ball,2,29.6,England,JE Root,JC Buttler,B Stanlake,0,0,,,,,,"",""
ball,2,30.1,England,JC Buttler,JE Root,AJ Tye,0,0,,,,,,"",""
ball,2,30.2,England,JC Buttler,JE Root,AJ Tye,0,0,,,,,,"",""
ball,2,30.3,England,JC Buttler,JE Root,AJ Tye,0,0,,,,,,"",""
ball,2,30.4,England,JC Buttler,JE Root,AJ Tye,4,0,,,,,,"",""
ball,2,30.5,England,JC Buttler,JE Root,AJ Tye,0,0,,,,,,"",""
ball,2,30.6,England,JC Buttler,JE Root,AJ Tye,0,0,,,,,,caught,JC Buttler
ball,2,31.1,England,JE Root,MM Ali,B Stanlake,0,0,,,,,,"",""
ball,2,31.2,England,JE Root,MM Ali,B Stanlake,0,0,,,,,,"",""
ball,2,31.3,England,JE Root,MM Ali,B Stanlake,0,0,,,,,,"",""
ball,2,31.4,England,JE Root,MM Ali,B Stanlake,0,0,,,,,,"",""
ball,2,31.5,England,JE Root,MM Ali,B Stanlake,0,0,,,,,,caught,JE Root
ball,2,31.6,England,DJ Willey,MM Ali,B Stanlake,1,0,,,,,,"",""
ball,2,32.1,England,DJ Willey,MM Ali,AJ Tye,0,0,,,,,,"",""
ball,2,32.2,England,DJ Willey,MM Ali,AJ Tye,0,0,,,,,,"",""
ball,2,32.3,England,DJ Willey,MM Ali,AJ Tye,0,0,,,,,,"",""
ball,2,32.4,England,DJ Willey,MM Ali,AJ Tye,2,0,,,,,,"",""
ball,2,32.5,England,DJ Willey,MM Ali,AJ Tye,0,0,,,,,,"",""
ball,2,32.6,England,DJ Willey,MM Ali,AJ Tye,0,0,,,,,,"",""
ball,2,33.1,England,MM Ali,DJ Willey,KW Richardson,0,0,,,,,,"",""
ball,2,33.2,England,MM Ali,DJ Willey,KW Richardson,0,0,,,,,,"",""
ball,2,33.3,England,MM Ali,DJ Willey,KW Richardson,0,0,,,,,,"",""
ball,2,33.4,England,MM Ali,DJ Willey,KW Richardson,0,0,,,,,,"",""
ball,2,33.5,England,MM Ali,DJ Willey,KW Richardson,1,0,,,,,,"",""
ball,2,33.6,England,DJ Willey,MM Ali,KW Richardson,0,0,,,,,,"",""
ball,2,34.1,England,MM Ali,DJ Willey,AJ Tye,1,0,,,,,,"",""
ball,2,34.2,England,DJ Willey,MM Ali,AJ Tye,0,0,,,,,,"",""
ball,2,34.3,England,DJ Willey,MM Ali,AJ Tye,0,0,,,,,,"",""
ball,2,34.4,England,DJ Willey,MM Ali,AJ Tye,4,0,,,,,,"",""
ball,2,34.5,England,DJ Willey,MM Ali,AJ Tye,0,0,,,,,,"",""
ball,2,34.6,England,DJ Willey,MM Ali,AJ Tye,0,0,,,,,,"",""
ball,2,35.1,England,MM Ali,DJ Willey,KW Richardson,0,0,,,,,,"",""
ball,2,35.2,England,MM Ali,DJ Willey,KW Richardson,0,0,,,,,,"",""
ball,2,35.3,England,MM Ali,DJ Willey,KW Richardson,4,0,,,,,,"",""
ball,2,35.4,England,MM Ali,DJ Willey,KW Richardson,0,0,,,,,,"",""
ball,2,35.5,England,MM Ali,DJ Willey,KW Richardson,2,0,,,,,,"",""
ball,2,35.6,England,MM Ali,DJ Willey,KW Richardson,4,0,,,,,,"",""
ball,2,36.1,England,DJ Willey,MM Ali,MG Neser,0,0,,,,,,"",""
ball,2,36.2,England,DJ Willey,MM Ali,MG Neser,4,0,,,,,,"",""
ball,2,36.3,England,DJ Willey,MM Ali,MG Neser,0,0,,,,,,"",""
ball,2,36.4,England,DJ Willey,MM Ali,MG Neser,0,0,,,,,,"",""
ball,2,36.5,England,DJ Willey,MM Ali,MG Neser,0,0,,,,,,"",""
ball,2,36.6,England,DJ Willey,MM Ali,MG Neser,1,0,,,,,,"",""
ball,2,37.1,England,DJ Willey,MM Ali,AJ Tye,1,0,,,,,,"",""
ball,2,37.2,England,MM Ali,DJ Willey,AJ Tye,1,0,,,,,,"",""
ball,2,37.3,England,DJ Willey,MM Ali,AJ Tye,0,0,,,,,,"",""
ball,2,37.4,England,DJ Willey,MM Ali,AJ Tye,0,0,,,,,,"",""
ball,2,37.5,England,DJ Willey,MM Ali,AJ Tye,4,0,,,,,,"",""
ball,2,37.6,England,DJ Willey,MM Ali,AJ Tye,0,0,,,,,,"",""
ball,2,38.1,England,MM Ali,DJ Willey,MG Neser,0,0,,,,,,"",""
ball,2,38.2,England,MM Ali,DJ Willey,MG Neser,4,0,,,,,,"",""
ball,2,38.3,England,MM Ali,DJ Willey,MG Neser,0,0,,,,,,"",""
ball,2,38.4,England,MM Ali,DJ Willey,MG Neser,0,0,,,,,,caught,MM Ali
ball,2,38.5,England,DJ Willey,LE Plunkett,MG Neser,0,0,,,,,,"",""
ball,2,38.6,England,DJ Willey,LE Plunkett,MG Neser,4,0,,,,,,"",""
ball,2,39.1,England,LE Plunkett,DJ Willey,AJ Tye,0,0,,,,,,"",""
ball,2,39.2,England,LE Plunkett,DJ Willey,AJ Tye,0,0,,,,,,"",""
ball,2,39.3,England,LE Plunkett,DJ Willey,AJ Tye,0,0,,,,,,"",""
ball,2,39.4,England,LE Plunkett,DJ Willey,AJ Tye,0,0,,,,,,"",""
ball,2,39.5,England,LE Plunkett,DJ Willey,AJ Tye,0,0,,,,,,"",""
ball,2,39.6,England,LE Plunkett,DJ Willey,AJ Tye,0,0,,,,,,"",""
ball,2,40.1,England,DJ Willey,LE Plunkett,MG Neser,0,0,,,,,,"",""
ball,2,40.2,England,DJ Willey,LE Plunkett,MG Neser,0,0,,,,,,"",""
ball,2,40.3,England,DJ Willey,LE Plunkett,MG Neser,0,0,,,,,,"",""
ball,2,40.4,England,DJ Willey,LE Plunkett,MG Neser,1,0,,,,,,"",""
ball,2,40.5,England,LE Plunkett,DJ Willey,MG Neser,1,0,,,,,,"",""
ball,2,40.6,England,DJ Willey,LE Plunkett,MG Neser,4,0,,,,,,"",""
ball,2,41.1,England,LE Plunkett,DJ Willey,AJ Tye,1,0,,,,,,"",""
ball,2,41.2,England,DJ Willey,LE Plunkett,AJ Tye,0,0,,,,,,"",""
ball,2,41.3,England,DJ Willey,LE Plunkett,AJ Tye,0,0,,,,,,"",""
ball,2,41.4,England,DJ Willey,LE Plunkett,AJ Tye,0,0,,,,,,"",""
ball,2,41.5,England,DJ Willey,LE Plunkett,AJ Tye,0,0,,,,,,"",""
ball,2,41.6,England,DJ Willey,LE Plunkett,AJ Tye,0,0,,,,,,"",""
ball,2,42.1,England,LE Plunkett,DJ Willey,KW Richardson,0,0,,,,,,"",""
ball,2,42.2,England,LE Plunkett,DJ Willey,KW Richardson,0,0,,,,,,"",""
ball,2,42.3,England,LE Plunkett,DJ Willey,KW Richardson,0,0,,,,,,"",""
ball,2,42.4,England,LE Plunkett,DJ Willey,KW Richardson,0,0,,,,,,"",""
ball,2,42.5,England,LE Plunkett,DJ Willey,KW Richardson,0,0,,,,,,"",""
ball,2,42.6,England,LE Plunkett,DJ Willey,KW Richardson,0,0,,,,,,"",""
ball,2,43.1,England,DJ Willey,LE Plunkett,MG Neser,0,0,,,,,,"",""
ball,2,43.2,England,DJ Willey,LE Plunkett,MG Neser,1,0,,,,,,"",""
ball,2,43.3,England,LE Plunkett,DJ Willey,MG Neser,1,0,,,,,,"",""
ball,2,43.4,England,DJ Willey,LE Plunkett,MG Neser,0,0,,,,,,"",""
ball,2,43.5,England,DJ Willey,LE Plunkett,MG Neser,2,0,,,,,,"",""
ball,2,43.6,England,DJ Willey,LE Plunkett,MG Neser,6,0,,,,,,"",""
